151
152
154
155
156
157
158
159
160
162
163
164
165
167
168
169
171
172
175
176
177
181
182
183
184
185
186
187
188
189
190
191
193
194
195
197
198
199
200
203
205
206
208
209
210
211
214
216
217
219
220
221
223
224
225
226
227
228
231
232
233
234
235
236
237
238
239
242
243
244
245
246
247
248
249
250
251
252
254
256
257
258
259
260
261
262
263
264
265
267
268
273
281
282
283
284
285
332
338
850
0
1
25
29
90
118
119
121
122
146
174
324
325
326
347
391
392
411
412
415
441
467
469
476
495
509
521
544
567
574
582
625
633
642
659
666
725
738
739
750
762
766
809
827
836
852
865
866
883
894
909
923
924
925
926
927
928
930
931
932
933
934
935
936
937
938
939
940
941
942
943
944
945
946
947
948
949
950
951
952
953
954
955
956
957
959
960
961
962
963
964
965
982
986
987
989
991
992
997
998
2
3
4
5
6
14
33
95
107
111
147
148
149
150
389
394
396
403
404
405
417
429
430
437
447
449
450
460
461
466
472
484
490
502
505
510
525
536
537
540
554
560
562
565
576
580
601
607
624
628
662
672
676
693
694
701
708
718
724
727
746
747
755
758
768
780
795
797
801
802
805
811
812
814
818
821
833
839
846
854
871
873
884
888
895
900
908
913
914
970
972
974
975
976
977
978
979
980
983
984
398
421
423
424
446
453
454
477
478
480
481
482
485
487
492
493
519
520
526
527
530
532
534
539
548
549
553
556
559
564
571
579
588
590
591
592
598
605
611
620
632
636
637
648
651
664
669
673
678
681
692
700
707
709
713
721
729
732
736
741
742
743
745
748
753
754
760
761
765
769
771
782
786
788
789
790
794
799
800
804
810
831
844
848
851
857
859
860
877
878
881
886
893
897
905
916
917
918
921
922
51
56
101
104
105
106
153
170
173
178
180
192
201
202
204
212
213
222
229
230
253
255
266
269
270
271
272
274
275
276
277
278
279
280
286
287
291
294
295
296
297
298
299
330
333
334
335
336
339
341
342
343
344
345
346
348
349
350
351
352
353
354
355
356
357
358
359
360
361
362
363
364
365
366
367
368
369
370
371
372
373
374
375
376
377
378
379
380
381
382
383
384
385
386
387
388
690
735
793
903
407
408
410
425
428
436
442
444
448
456
468
471
483
489
491
497
498
500
506
508
511
517
535
538
543
547
555
557
561
569
573
575
583
586
594
595
603
609
612
621
627
634
645
646
649
652
654
656
657
660
661
663
665
668
670
671
675
682
688
698
702
703
705
706
716
717
730
733
734
744
757
770
779
781
791
792
803
807
817
820
825
829
830
832
835
847
853
856
858
863
864
867
870
874
880
912
915
919
920
958
26
27
28
30
31
32
34
35
36
37
38
39
40
41
42
43
44
45
46
47
48
49
50
52
53
54
55
57
58
60
61
62
63
64
65
66
67
68
69
70
71
72
73
74
75
76
77
78
79
108
109
110
112
113
114
115
116
117
120
123
124
125
126
300
301
302
303
305
306
307
308
309
310
311
312
313
314
315
316
317
318
319
320
327
328
329
390
393
395
397
599
616
815
973
988
990
993
994
995
996
409
418
419
426
427
438
440
451
455
463
470
473
475
488
494
499
503
504
507
512
514
518
522
528
531
545
550
563
572
577
584
585
587
600
604
606
613
618
619
622
623
629
630
631
635
641
644
647
653
674
679
680
684
686
695
696
710
711
712
714
719
720
726
737
740
749
756
763
767
772
773
774
777
778
783
784
787
813
816
826
828
845
849
855
861
868
882
891
892
896
898
899
902
907
910
966
967
968
969
999
7
8
9
10
11
12
13
15
16
17
18
19
20
21
22
23
24
59
80
81
82
83
84
85
86
87
88
89
91
92
93
94
96
97
98
99
100
102
103
127
128
129
130
131
132
133
134
135
136
137
138
139
140
141
142
143
144
145
161
166
179
196
207
218
240
241
288
289
290
292
293
304
321
322
323
331
337
340
406
434
458
479
551
568
581
597
640
677
685
687
697
704
751
759
798
806
834
901
904
985
215
399
400
401
402
413
414
416
420
422
431
432
433
435
439
443
445
452
457
459
462
464
465
474
486
496
501
513
515
516
523
524
529
533
541
542
546
552
558
566
570
578
589
593
596
602
608
610
614
615
617
626
638
639
643
650
655
658
667
683
689
691
699
715
722
723
728
731
752
764
775
776
785
796
808
819
822
823
824
837
838
840
841
842
843
862
869
872
875
876
879
885
887
889
890
906
911
929
971
981
